0.000000 117 -1 2 6.390000 "Lars~aawiki"
0.000000 296 -1 0 0.100000 "Johney"
0.000000 110 -1 0 0.010000 "Squidward~aawiki"
0.000000 112 -1 0 0.640000 "Platonides"
0.000000 33 -1 1 2.630000 "Rocastelo"
0.000000 69 -1 0 0.880000 "Korg"
0.000000 172 -1 0 0.880000 "VolkovBot"
0.000000 303 -1 0 0.100000 "Dethic"
0.000000 103 -1 0 0.040000 "M7"
0.000000 89 -1 1 2.970000 "H\195\169g\195\169sippe Cormier"
0.000000 106 -1 0 1.000000 "Jon Harald S\195\184by"
0.000000 93 -1 1 3.280000 "Aurevilly"
0.000000 175 -1 0 0.100000 "N3m6~aawiki"
0.000000 2 -1 1 2.950000 "Tim Starling"
0.000000 399 -1 0 0.760000 "Kanabekobaton"
