0.000000 8609 -1 0 0.370000 "Lilitik22"
0.000000 9162 -1 2 12.490000 "Ureueng Baroh"
0.000000 1098 -1 5 157.300000 "Gerakibot"
0.000000 6602 -1 0 0.440000 "Esoglou"
0.000000 5489 -1 3 33.860000 "Umaygank"
0.000000 8077 -1 3 23.980000 "Rotlink"
0.000000 7790 -1 1 1.970000 "FakirNL"
0.000000 7448 -1 0 1.260000 "Aftabuzzaman"
0.000000 2860 -1 1 6.190000 "Sardur"
0.000000 3006 -1 6 577.270000 "Wopat9595"
0.000000 2046 -1 1 2.610000 "Omar-Toons"
0.000000 745 -1 4 138.170000 "Muhammadbaiquni"
0.000000 4081 -1 0 0.140000 "Jonathunder"
0.000000 4601 -1 1 2.690000 "Bukurumah"
0.000000 6527 -1 9 22024.400000 "Legobot"
0.000000 12536 -1 0 0.810000 "Ks-M9"
0.000000 660 -1 6 939.590000 "LaaknorBot"
0.000000 5656 -1 0 0.730000 "Bill william compton"
0.000000 9915 -1 0 0.700000 "Conquistador"
0.000000 5066 -1 5 182.840000 "Minsbot"
0.000000 3650 -1 3 36.690000 "Ruslik0"
0.000000 5265 -1 1 3.050000 "Ices2Csharp"
0.000000 3651 -1 7 1866.120000 "Ripchip Bot"
0.000000 5661 -1 1 3.160000 "Tlustulimu"
0.000000 143 -1 0 1.550000 "Pwjg"
0.000000 3611 -1 4 93.970000 "Muka on ranup"
0.000000 108 -1 3 37.880000 "Volkov"
0.000000 11027 -1 0 1.650000 "Missvain"
0.000000 11944 -1 0 1.080000 "Exec8"
0.000000 9851 -1 0 0.210000 "\208\161\208\176\209\128\208\190\208\188\208\176\208\189"
0.000000 287 -1 6 535.890000 "Mercy"
0.000000 765 -1 2 9.420000 "Vargenau"
0.000000 6791 -1 3 20.840000 "Zapkaz"
0.000000 869 -1 9 11589.400000 "Hozro"
0.000000 9587 -1 1 4.960000 "Dommaden"
0.000000 39 -1 7 2451.760000 "Fadli Idris"
0.000000 646 -1 1 2.330000 "Meursault2004"
0.000000 5219 -1 2 14.070000 "Gray eyes"
0.000000 8832 -1 0 0.170000 "Natuur12"
0.000000 621 -1 7 1364.110000 "KamikazeBot"
0.000000 10524 -1 4 58.000000 "DivineAlpha"
0.000000 4266 -1 9 22024.460000 "Si Gam"
0.000000 3100 -1 1 4.360000 "Kahuroa"
0.000000 271 -1 3 28.170000 "Maarcis"
0.000000 972 -1 0 0.750000 "Anas1712"
0.000000 6123 -1 0 1.130000 "Ffppows"
0.000000 4392 -1 1 2.350000 "AlexCovarrubias"
0.000000 10013 -1 0 1.430000 "Robin van der Vliet"
0.000000 4356 -1 0 0.620000 "Harkamal1001"
0.000000 420 -1 1 4.240000 "Cekli829"
0.000000 73 -1 3 20.530000 "PeterSymonds"
0.000000 8109 -1 1 1.970000 "Omar hoftun"
0.000000 1522 -1 0 1.470000 "Chumwa"
0.000000 3257 -1 0 0.450000 "Umbugbene"
0.000000 4244 -1 6 731.470000 "Inkowik"
0.000000 4595 -1 0 0.240000 "Alonso de Mendoza"
0.000000 10382 -1 0 0.970000 "Anna Frodesiak"
0.000000 3244 -1 1 2.300000 "Addihockey10"
0.000000 9588 -1 0 0.950000 "MarcoSwart"
0.000000 109 -1 9 10824.090000 "VolkovBot"
0.000000 2940 -1 0 1.680000 "Franz Liszt"
0.000000 8933 -1 0 1.360000 "Mouh2jijel"
0.000000 9768 -1 0 1.300000 "Matiia"
0.000000 638 -1 6 1090.660000 "Mentifisto"
0.000000 3845 -1 0 0.130000 "HallallaMoiraMoira"
0.000000 4377 -1 1 3.610000 "Sasan Geranmehr"
0.000000 5749 -1 1 5.010000 "NjardarBot"
0.000000 8442 -1 9 8758.120000 "Nirmos"
0.000000 7036 -1 0 0.150000 "SAMI.Bot"
0.000000 1287 -1 2 8.920000 "Zil"
0.000000 6176 -1 2 18.750000 "Claus Ableiter"
0.000000 7815 -1 0 0.450000 "Denniss"
0.000000 12364 -1 0 0.100000 "Acunli 45"
0.000000 70 -1 8 5827.190000 "DerHexer"
0.000000 10368 -1 0 0.530000 "Iflwlou"
0.000000 4554 -1 1 3.210000 "Codeks"
0.000000 17 -1 7 1245.540000 "MelancholieBot"
0.000000 13749 -1 0 0.360000 "Give Your Heart a Break"
0.000000 215 -1 0 0.280000 "Treisijs"
0.000000 3783 -1 9 10807.190000 "Nordmensch"
0.000000 7393 -1 6 594.330000 "KLBot2"
0.000000 539 -1 0 1.030000 "DirlBot"
0.000000 42 -1 7 1316.760000 "Abi Azkia"
0.000000 4623 -1 5 235.470000 "Wiki13"
0.000000 4777 -1 0 0.900000 "SarahStierch"
0.000000 520 -1 1 2.090000 "Bogdan29roman"
0.000000 44 -1 5 222.510000 "Md. Farhan"
0.000000 6565 -1 1 2.730000 "Shwetha"
0.000000 9515 -1 1 2.350000 "\216\185\217\132\217\137 \216\167\217\132\217\133\216\178\216\167\216\177\217\130\217\135"
0.000000 6047 -1 0 1.240000 "Atoine85"
0.000000 2825 -1 1 4.610000 "Dumi"
0.000000 25 -1 5 270.840000 "IvanLanin"
0.000000 2234 -1 3 28.860000 "Maks Stirlitz"
0.000000 8072 -1 0 1.080000 "Amir Hamzah 2008"
0.000000 9458 -1 1 1.770000 "Nicebyu7"
0.000000 3536 -1 1 5.270000 "Vectorink"
0.000000 556 -1 6 472.530000 "P\195\182l\195\169m Sy\195\168h"
0.000000 503 -1 8 4622.790000 "TXiKiBoT"
0.000000 5617 -1 0 1.090000 "Perhelion"
0.000000 2911 -1 8 3496.300000 "ChuispastonBot"
0.000000 6569 -1 4 68.750000 "Makecat-bot"
0.000000 10679 -1 0 0.940000 "Jcpag2012"
0.000000 2554 -1 6 831.390000 "JackieBot"
0.000000 3265 -1 0 1.010000 "Sandra-horn"
0.000000 3192 -1 1 1.810000 "Morticiano"
0.000000 598 -1 4 120.080000 "Hadibe"
0.000000 1775 -1 0 0.930000 "YMS"
0.000000 2941 -1 7 1320.820000 "Mjbmrbot"
0.000000 5665 -1 1 5.010000 "Baquides"
0.000000 574 -1 1 2.070000 "Addicted04"
0.000000 2033 -1 1 2.600000 "Dinamik"
0.000000 3869 -1 0 0.230000 "Mikhailov Kusserow~acewiki"
0.000000 3550 -1 8 4946.240000 "WhisperToMe"
0.000000 10833 -1 0 0.510000 "Culex"
0.000000 3475 -1 3 47.930000 "Vito Genovese"
0.000000 2822 -1 7 1520.140000 "RedBot"
0.000000 4477 -1 2 13.160000 "Latukadir"
0.000000 2008 -1 5 156.210000 "Manuelt15"
0.000000 4236 -1 5 185.830000 "PixelBot"
0.000000 9257 -1 3 51.150000 "RajarFtfrf"
0.000000 10349 -1 0 0.860000 "Kendall jenner kardashian"
0.000000 795 -1 1 3.430000 "Moeng"
0.000000 918 -1 4 136.990000 "Alecs.bot"
0.000000 4494 -1 0 1.650000 "HombreDHojalata"
0.000000 7900 -1 0 0.550000 "NahidSultan"
0.000000 100 -1 8 7305.160000 "SieBot"
0.000000 242 -1 7 1979.240000 "Robbot"
0.000000 5898 -1 6 459.680000 "Jasper Deng"
0.000000 8875 -1 1 4.530000 "DerekWinters"
0.000000 3896 -1 2 12.930000 "S'geschwafel"
0.000000 2181 -1 1 2.180000 "T\195\186relio"
0.000000 1237 -1 2 12.980000 "Tamanrasset444"
0.000000 1608 -1 0 1.000000 "Amherst99"
0.000000 11402 -1 0 0.810000 "Poyraz 72"
0.000000 8489 -1 0 0.710000 "Erim Turukku"
0.000000 557 -1 1 1.800000 "LoudHmen"
0.000000 1067 -1 6 478.310000 "MystBot"
0.000000 4654 -1 1 1.900000 "AAA333"
0.000000 835 -1 1 2.640000 "TaBOT-zerem"
0.000000 9465 -1 3 44.450000 "Jerzyjan1"
0.000000 6130 -1 9 22024.460000 "Ayie7791"
0.000000 5890 -1 1 1.960000 "Majilis"
0.000000 3234 -1 7 1120.520000 "Movses-bot"
0.000000 526 -1 6 531.730000 "Mon Tasik"
0.000000 6897 -1 2 17.450000 "Xhmee"
0.000000 6917 -1 4 71.810000 "Scandreamer"
0.000000 8829 -1 1 1.740000 "Arstempo"
0.000000 3126 -1 7 1157.100000 "TjBot"
0.000000 3433 -1 1 2.280000 "Ihsanush Shabri 1735"
0.000000 11385 -1 1 2.240000 "Bitay"
0.000000 9754 -1 3 22.490000 "Baffo"
0.000000 152 -1 9 10956.920000 "Xqbot"
0.000000 320 -1 1 6.340000 "Muhammad Nabil Berri"
0.000000 3646 -1 0 1.230000 "Marcel Henggeler"
0.000000 1301 -1 5 371.130000 "Rxy"
0.000000 2507 -1 0 0.730000 "Poznaniak"
0.000000 3693 -1 4 61.110000 "Maqivi"
0.000000 4229 -1 1 2.830000 "Isaac Sanolnacov"
0.000000 4233 -1 1 2.400000 "MagnusA.Bot"
0.000000 5830 -1 1 5.670000 "Peruchevere"
0.000000 5901 -1 4 88.210000 "Defender"
0.000000 750 -1 6 617.730000 "Enciknas"
0.000000 12618 -1 0 0.030000 "THADAWGRETURNS"
0.000000 2032 -1 1 3.320000 "PiRSquared17"
0.000000 2074 -1 3 25.500000 "Awak Singkil"
0.000000 8897 -1 0 0.960000 "Nabin K. Sapkota"
0.000000 156 -1 7 1184.740000 "CarsracBot"
0.000000 794 -1 9 22003.590000 "Jiyuukaminari"
0.000000 3714 -1 1 4.560000 "Palapa"
0.000000 7323 -1 0 0.830000 "Stebunik"
0.000000 2296 -1 5 177.970000 "Quentinv57"
0.000000 3070 -1 1 3.480000 "Mariobrazil2"
0.000000 12691 -1 0 0.160000 "Laborec"
0.000000 3111 -1 8 3329.780000 "Tegel"
0.000000 958 -1 8 3186.480000 "Kanabekobaton"
0.000000 3691 -1 7 2255.450000 "MerlIwBot"
0.000000 96 -1 4 94.920000 "CommonsDelinker"
0.000000 5686 -1 4 141.680000 "JYBot"
0.000000 3229 -1 3 42.870000 "Bpalir"
0.000000 4323 -1 1 3.720000 "MSClaudiu"
0.000000 1592 -1 5 155.060000 "Jafeluv"
0.000000 6913 -1 0 0.210000 "Stegop"
0.000000 5085 -1 1 3.650000 "Lumastan"
0.000000 293 -1 8 3141.890000 "ArthurBot"
0.000000 5870 -1 4 93.690000 "Igna"
0.000000 4598 -1 5 254.690000 "HiW-Bot"
0.000000 364 -1 1 4.110000 "Bearas"
0.000000 213 -1 9 14089.340000 "Hercule"
0.000000 224 -1 4 96.010000 "Chobot"
0.000000 2711 -1 1 3.340000 "A Flor do Sul"
0.000000 5062 -1 1 1.980000 "\231\153\190\232\182\138\228\188\159\228\186\1861"
0.000000 4466 -1 3 27.510000 "Maluka2011"
0.000000 727 -1 6 884.700000 "Dinamik-bot"
0.000000 1061 -1 4 83.280000 "R\196\171dzinieks"
0.000000 1262 -1 2 7.140000 "Xiglofre"
0.000000 421 -1 4 114.520000 "Hack87"
0.000000 11269 -1 0 1.140000 "Denis Barthel"
0.000000 5785 -1 1 3.180000 "Dexbot"
0.000000 1958 -1 7 1442.590000 "HRoestBot"
0.000000 9134 -1 0 0.500000 "Alex Great"
0.000000 5390 -1 0 0.940000 "Botend"
0.000000 1500 -1 0 1.290000 "Toto Az\195\169ro"
0.000000 6006 -1 5 184.260000 "YFdyh-bot"
0.000000 7710 -1 2 10.260000 "Husky74"
0.000000 1524 -1 2 11.590000 "Edi Ikhsan"
0.000000 2040 -1 1 2.540000 "Dekjoel"
0.000000 3722 -1 3 53.140000 "Sangjinhwa"
0.000000 8537 -1 1 3.680000 "Chongkian"
0.000000 7719 -1 2 6.880000 "Erik Wannee"
0.000000 9538 -1 0 0.520000 "SurdusVII"
0.000000 6139 -1 1 2.010000 "Soundwaweserb"
0.000000 62 -1 6 425.260000 "Liza fathiariani"
0.000000 3790 -1 1 3.170000 "KLSeyffert"
0.000000 5872 -1 2 6.530000 "\224\184\161\224\184\177\224\184\135\224\184\129\224\184\163\224\184\132\224\184\178\224\184\154\224\185\129\224\184\129\224\185\137\224\184\167"
0.000000 5213 -1 0 0.270000 "J. Patrick Fischer"
0.000000 5212 -1 1 4.050000 "Thamizhpparithi Maari"
0.000000 6697 -1 0 0.280000 "Mazta"
0.000000 12656 -1 0 0.310000 "Svensson1"
0.000000 3150 -1 1 1.960000 "Wwbot"
0.000000 9268 -1 1 3.200000 "Ralf Roletschek"
0.000000 1375 -1 4 78.370000 "BRUTE"
0.000000 7396 -1 1 3.740000 "SajoR"
0.000000 3256 -1 2 16.010000 "\208\156\209\131\209\128\208\176\208\180 97"
0.000000 4249 -1 0 0.630000 "Athis-Sturm"
0.000000 2621 -1 0 0.570000 "Taketa"
0.000000 12455 -1 1 2.240000 "Cak Muis"
0.000000 12132 -1 0 0.730000 "Jaydenhwang"
0.000000 1574 -1 6 878.050000 "Bhom Peureulak"
0.000000 889 -1 1 2.020000 "Brezza del mare"
0.000000 4242 -1 5 184.030000 "Schniggendiller"
0.000000 13096 -1 1 5.770000 "Acer"
0.000000 5199 -1 1 5.200000 "Faolin42"
0.000000 761 -1 7 1468.540000 "Bsadowski1"
0.000000 4599 -1 1 2.160000 "BischofMixa"
0.000000 6712 -1 1 4.900000 "Darekm135"
0.000000 4030 -1 0 0.620000 "ILovetheLife"
0.000000 6068 -1 4 95.840000 "Vogone"
0.000000 1296 -1 0 0.040000 "Trydence"
0.000000 3450 -1 2 11.750000 "DEagleBot"
0.000000 2226 -1 1 1.790000 "Platonides"
0.000000 4794 -1 2 6.580000 "Abuubayda"
0.000000 826 -1 2 11.070000 "Darkoneko"
0.000000 8777 -1 0 1.300000 "Mohamed ijazz"
0.000000 5494 -1 2 18.000000 "Laxamana"
0.000000 6615 -1 0 1.060000 "Muffin Wizard"
0.000000 5621 -1 1 1.760000 "Snipey"
0.000000 7225 -1 1 2.400000 "Saehrimnir"
0.000000 2623 -1 2 14.080000 "\217\132\217\138\216\168\217\138 \216\181\216\173"
0.000000 10035 -1 0 0.100000 "YiFeiBot"
0.000000 13453 -1 0 0.900000 "\224\164\184\224\164\168\224\165\141\224\164\166\224\164\191\224\164\170 \224\164\133\224\164\167\224\164\191\224\164\149\224\164\190\224\164\176\224\165\128"
0.000000 1963 -1 0 0.510000 "Kintetsubuffalo"
0.000000 89 -1 9 8655.980000 "JAnDbot"
0.000000 1936 -1 1 4.820000 "Cornelhac1"
0.000000 273 -1 0 0.300000 "Marcus Cyron"
0.000000 84 -1 0 0.370000 "Khalid Mahmood"
0.000000 1338 -1 5 161.400000 "DixonDBot"
0.000000 6862 -1 1 2.750000 "\215\147\215\149\215\168 \215\144\215\169\215\155\215\160\215\150\215\153"
0.000000 13298 -1 0 0.740000 "Taranomezin"
0.000000 3285 -1 0 0.660000 "Irongag"
0.000000 10417 -1 0 0.730000 "FastilyClone"
0.000000 5502 -1 1 3.060000 "Andrew J.Kurbiko"
0.000000 1327 -1 4 126.850000 "Fry1989"
0.000000 22 -1 6 557.470000 "Holder"
0.000000 5613 -1 4 131.860000 "Frysun"
0.000000 239 -1 1 5.040000 "Discjjockey"
0.000000 11749 -1 0 1.610000 "Putoeh Taloe"
0.000000 1989 -1 9 9621.610000 "Savh"
0.000000 13958 -1 0 0.120000 "Kanyewestodom"
0.000000 2831 -1 1 5.270000 "R\195\169mih"
0.000000 8395 -1 0 0.240000 "Aarp65"
0.000000 719 -1 0 1.650000 "Thommy9"
0.000000 775 -1 1 2.270000 "The Emirr"
0.000000 12832 -1 1 3.040000 "Murbaut"
0.000000 9114 -1 0 0.930000 "Petra"
0.000000 5672 -1 2 13.900000 "GhalyBot"
0.000000 8653 -1 0 0.350000 "Jeanloujustine"
0.000000 426 -1 0 0.360000 "Elvire"
0.000000 5769 -1 1 4.030000 "Fatemi"
0.000000 3101 -1 5 150.370000 "Si nih"
0.000000 11736 -1 0 0.730000 "Glovacki"
0.000000 3102 -1 0 0.410000 "Vugar 1981"
0.000000 5297 -1 0 1.320000 "\208\156\208\181\209\128\208\184\208\180\208\184\208\176\208\189\208\181\209\134"
0.000000 964 -1 2 8.550000 "Gaudio"
0.000000 1693 -1 7 1653.590000 "Amirobot"
0.000000 4332 -1 1 3.280000 "Rahmatdenas"
0.000000 3853 -1 3 49.570000 "Chabi1"
0.000000 6556 -1 1 2.700000 "Latristelagrima"
0.000000 8404 -1 2 7.150000 "Tremonist"
0.000000 3002 -1 0 1.190000 "Xanderliptak"
0.000000 407 -1 5 376.780000 "SilvonenBot"
0.000000 994 -1 0 0.310000 "Felipe08"
0.000000 28 -1 0 0.010000 "Ramsis II"
0.000000 5684 -1 0 1.340000 "Rvd4life"
0.000000 11640 -1 3 33.680000 "Misbahani Al asyi"
0.000000 3239 -1 2 7.000000 "Humanoo"
0.000000 5299 -1 0 1.090000 "\208\148\208\188\208\184\209\130\209\128\208\184\208\185-5-\208\144\208\178\208\181\209\128\208\184\208\189"
0.000000 3017 -1 1 2.040000 "Pj44300"
0.000000 528 -1 2 6.810000 "Keuramat"
0.000000 408 -1 7 2532.850000 "Naval Scene"
0.000000 1171 -1 0 0.430000 "Insider"
0.000000 2774 -1 1 2.800000 "TheLuckAgain"
0.000000 7513 -1 6 923.510000 "AFlorence"
0.000000 1966 -1 9 21102.940000 "Hoo man"
0.000000 5341 -1 9 9890.800000 "Sayed muddasir"
0.000000 584 -1 6 511.740000 "Maximillion Pegasus"
0.000000 47 -1 4 93.710000 "Pras"
0.000000 699 -1 5 235.890000 "DSisyphBot"
0.000000 1136 -1 3 52.410000 "Magioladitis"
0.000000 11938 -1 0 0.460000 "Goelia"
0.000000 7704 -1 4 57.870000 "Nawawihakimis"
0.000000 5729 -1 0 0.150000 "BigrTex"
0.000000 1772 -1 6 455.760000 "JhsBot"
0.000000 527 -1 7 1263.110000 "Lam Tamot"
0.000000 3331 -1 1 1.760000 "Knochen"
0.000000 3470 -1 5 211.500000 "X4v13r3"
0.000000 11322 -1 0 0.420000 "Mottengott"
0.000000 5485 -1 1 1.990000 "InDoRoN"
0.000000 123 -1 6 737.370000 "Budelberger"
0.000000 9719 -1 0 1.040000 "Smuconlaw"
0.000000 1082 -1 1 3.560000 "Ahpalh"
0.000000 13970 -1 1 1.850000 "Tristankanyewestodomkatsuzawa"
0.000000 298 -1 4 106.530000 "Synthebot"
0.000000 11290 -1 2 7.500000 "Lon Mantong"
0.000000 10867 -1 0 0.610000 "Infinite0694"
0.000000 3223 -1 7 1793.670000 "Trijnstel"
0.000000 4998 -1 4 76.790000 "Lezgistxa"
0.000000 3856 -1 1 4.540000 "X4v13r3sh"
0.000000 409 -1 6 472.760000 "Rubinbot"
0.000000 9359 -1 4 86.230000 "Teuku ridwan djauhari"
0.000000 9194 -1 0 0.760000 "T\195\188rk S\195\188varisi"
0.000000 3142 -1 2 7.040000 "Leszek Ja\197\132czuk"
0.000000 2420 -1 0 1.390000 "Keraunoscopia"
0.000000 6246 -1 1 5.260000 "Kolega2357"
0.000000 6564 -1 3 23.580000 "SantoshBot"
0.000000 5925 -1 2 10.760000 "Lixer"
0.000000 5702 -1 3 20.130000 "MahdiBot"
0.000000 2950 -1 1 5.010000 "Bean49Bot"
0.000000 99 -1 3 52.050000 "Xqt"
0.000000 8715 -1 0 0.530000 "Leitoxx"
0.000000 5527 -1 2 8.770000 "Dirga Luthfi"
0.000000 5912 -1 0 0.370000 "Camoka4"
0.000000 9807 -1 8 3660.070000 "Syum90"
0.000000 249 -1 1 2.290000 "Beaukarpo"
0.000000 3004 -1 2 8.520000 "Ma2nschaft"
0.000000 6160 -1 0 0.070000 "Archaeodontosaurus"
0.000000 935 -1 4 133.790000 "F1fans"
0.000000 764 -1 8 3548.100000 "Escarbot"
0.000000 9001 -1 1 1.740000 "Gambo7"
0.000000 237 -1 7 1271.050000 "Idioma-bot"
0.000000 155 -1 2 16.120000 "Carsrac"
0.000000 3998 -1 2 8.940000 "Mathonius"
0.000000 4248 -1 0 0.320000 "Athis-Monsun"
0.000000 472 -1 8 5522.700000 "FoxBot"
0.000000 10360 -1 2 10.060000 "Drake philisteus wayne minaj brown"
0.000000 78 -1 3 43.660000 "Laaknor"
0.000000 13 -1 2 6.430000 "Leinad"
0.000000 11631 -1 0 1.660000 "Klodo6975"
0.000000 3350 -1 7 1347.870000 "Ajraddatz"
0.000000 8581 -1 1 3.490000 "Jpvandijk"
0.000000 8343 -1 0 0.460000 "Goyal Sameer Goyal"
0.000000 1986 -1 1 3.950000 "Mikeou"
0.000000 7738 -1 1 4.280000 "Erc\195\169"
0.000000 3587 -1 1 1.830000 "Chaoborus"
0.000000 1751 -1 2 7.260000 "Varlaam"
0.000000 7761 -1 2 15.490000 "Neribij"
0.000000 5177 -1 2 10.980000 "Breogan2008"
0.000000 460 -1 2 11.510000 "Reindra"
0.000000 1323 -1 2 7.730000 "\216\170\216\177\216\172\217\133\216\167\217\13405"
0.000000 5245 -1 5 152.250000 "Botrie"
0.000000 2435 -1 7 1772.740000 "Thijs!bot"
0.000000 8410 -1 0 0.690000 "Islam90"
0.000000 352 -1 9 12740.430000 "Luckas-bot"
0.000000 1507 -1 1 2.130000 "Aiman titi"
0.000000 5631 -1 1 3.950000 "Ed veg"
0.000000 6150 -1 0 0.980000 "\195\154rsula Brand\195\163o Ferreira"
0.000000 10020 -1 1 2.280000 "Ah3kal"
0.000000 7713 -1 5 227.810000 "Musichistory2009"
0.000000 404 -1 8 5238.650000 "Wutsje"
0.000000 38 -1 5 391.530000 "Bennylin"
0.000000 10021 -1 0 0.380000 "Misha2015"
0.000000 7437 -1 0 0.280000 "Nicoli Maege"
0.000000 6195 -1 1 2.330000 "Steinsplitter"
0.000000 4847 -1 1 5.570000 "Kareyac"
0.000000 13495 -1 0 0.720000 "SlamEagle777"
0.000000 2746 -1 5 371.110000 "Orlodrim"
0.000000 125 -1 4 68.510000 "Mimihitam"
0.000000 700 -1 0 0.020000 "RaySys"
0.000000 10497 -1 0 1.200000 "Kosa1086"
0.000000 37 -1 6 525.690000 "MastiBot"
0.000000 4207 -1 6 448.160000 "AvicBot"
0.000000 1020 -1 4 87.400000 "Piculo"
0.000000 2895 -1 0 1.380000 "Eukheu"
0.000000 1416 -1 1 5.680000 "Antemister"
0.000000 10398 -1 3 32.160000 "Shiri drake maimon gauk"
0.000000 7994 -1 0 0.520000 "CTMakerbot"
0.000000 6254 -1 2 8.730000 "Muhraz"
0.000000 7914 -1 0 0.100000 "AmaryllisGardener"
0.000000 8528 -1 2 15.750000 "Momo ksa jodi"
0.000000 1303 -1 1 2.600000 "EleferenBot"
0.000000 7891 -1 2 13.240000 "Sterbeklang"
0.000000 3933 -1 0 0.620000 "Imam Khairul Annas"
0.000000 3763 -1 1 2.880000 "Cleaningup64"
0.000000 1052 -1 5 241.610000 "Ezagren"
0.000000 8427 -1 2 7.910000 "Midnight Gambler"
0.000000 2392 -1 3 28.960000 "JoshuaZ"
0.000000 5780 -1 0 0.160000 "Marcgal"
0.000000 545 -1 1 4.210000 "Nebeviye"
0.000000 1566 -1 7 1843.830000 "Kmoksy"
0.000000 5798 -1 9 21183.660000 "Lukas\194\178\194\179"
0.000000 2866 -1 0 1.510000 "Soap"
0.000000 4664 -1 1 3.680000 "Frigotoni"
0.000000 10828 -1 0 0.860000 "Nairobi123"
0.000000 1372 -1 0 0.730000 "J\195\188rgen Krause"
0.000000 52 -1 9 8573.400000 "Si Gam Ac\195\168h"
0.000000 1150 -1 5 397.640000 "Pmlineditor"
0.000000 6026 -1 5 234.950000 "Justincheng12345-bot"
0.000000 3618 -1 5 155.580000 "Karieng"
0.000000 8303 -1 3 30.960000 "Dan149"
0.000000 294 -1 7 2746.840000 "Juhko"
0.000000 4169 -1 6 570.000000 "Knud Winckelmann"
0.000000 10203 -1 0 0.330000 "Imehling"
0.000000 1575 -1 2 10.480000 "Sinyak Aree"
0.000000 5850 -1 4 87.080000 "Iqbalhafidh"
0.000000 1185 -1 6 685.760000 "Egmontbot"
0.000000 9852 -1 7 1329.510000 "Grind24"
0.000000 693 -1 1 3.480000 "Ashot Gabrielyan"
0.000000 753 -1 3 20.460000 "Russavia"
0.000000 3642 -1 6 453.560000 "CocuBot"
0.000000 6779 -1 0 0.440000 "Sobboy Moi"
0.000000 439 -1 3 32.900000 "SassoBot"
0.000000 676 -1 0 0.310000 "Flying Saucer"
0.000000 7592 -1 0 1.030000 "Alan"
0.000000 3262 -1 4 68.590000 "Manubot"
0.000000 3827 -1 7 2412.640000 "Seewolf"
0.000000 3919 -1 4 76.560000 "Aldnonymous"
0.000000 8848 -1 2 7.550000 "Mahir256"
0.000000 1026 -1 4 131.950000 "Jack Merridew"
0.000000 4888 -1 1 1.870000 "Bruno Meireles"
0.000000 11989 -1 0 1.630000 "MB298"
0.000000 863 -1 1 2.370000 "Hellerick"
0.000000 5095 -1 1 2.140000 "AnuHykaru"
0.000000 7497 -1 2 6.600000 "GabTHAT"
0.000000 4975 -1 3 26.520000 "\227\130\191\227\131\129\227\130\179\227\131\158 robot"
0.000000 7687 -1 1 3.290000 "Prinalty"
0.000000 11461 -1 0 0.700000 "Narudh"
0.000000 3995 -1 2 7.220000 "Gratte-papier"
0.000000 6989 -1 1 3.380000 "Rodrigo"
0.000000 1793 -1 0 0.500000 "UnreifeKirsche"
0.000000 5563 -1 6 528.070000 "\195\137rico"
0.000000 3795 -1 1 2.520000 "Mahali syarifuddin"
0.000000 8115 -1 1 2.260000 "ProfesorFavalli"
0.000000 7338 -1 9 10781.860000 "Rachmat04"
0.000000 243 -1 2 14.580000 "SKULLSPLITTER"
0.000000 570 -1 7 1312.060000 "Jose77"
0.000000 11928 -1 0 0.250000 "Horst-schlaemma"
0.000000 4875 -1 0 1.490000 "Warcraft4g"
0.000000 5791 -1 1 4.560000 "Heljqfy"
0.000000 6475 -1 1 2.380000 "Alicewise12"
0.000000 75 -1 5 154.940000 "Dferg"
0.000000 3554 -1 0 0.450000 "U.Steele"
0.000000 7559 -1 1 4.300000 "Kazlife"
0.000000 5559 -1 0 0.340000 "Dede2008"
0.000000 2900 -1 0 0.850000 "Geroaff"
0.000000 11760 -1 0 0.200000 "Harvinder Chandigarh"
0.000000 79 -1 8 8005.650000 "Barras"
0.000000 3557 -1 1 4.300000 "WTM"
0.000000 7289 -1 0 0.260000 "Mauro Lanari"
0.000000 7067 -1 0 0.700000 "Yosri"
0.000000 13582 -1 0 0.140000 "\208\146\208\144\208\148\208\152\208\156 \208\167\208\163\208\159\208\160\208\152\208\157\208\144"
0.000000 1443 -1 0 1.040000 "Jyothis"
0.000000 4325 -1 6 703.400000 "Vagobot"
0.000000 585 -1 5 354.610000 "Jotterbot"
0.000000 5247 -1 0 0.750000 "Berthold Werner"
0.000000 2207 -1 5 177.090000 "Teles"
0.000000 1973 -1 1 2.260000 "EJavanainen"
0.000000 1806 -1 2 8.260000 "Sverigekillen"
0.000000 525 -1 3 24.030000 "GilliamJF"
0.000000 3614 -1 1 2.680000 "Stravidezt"
0.000000 245 -1 1 2.000000 "Eukesh"
0.000000 5697 -1 2 8.080000 "Viki\195\167izer"
0.000000 4855 -1 7 1204.890000 "AvocatoBot"
0.000000 2175 -1 2 10.340000 "Obersachse"
0.000000 3789 -1 6 692.430000 "Billinghurst"
0.000000 710 -1 2 11.110000 "Ver-bot"
0.000000 7568 -1 2 11.020000 "Jaya.meulaboh"
0.000000 10076 -1 0 0.170000 "Atcovi"
0.000000 6431 -1 2 10.230000 "Alexander Mikhalenko"
0.000000 8112 -1 2 8.090000 "Rei Momo"
0.000000 154 -1 8 5072.380000 "Alexbot"
0.000000 7953 -1 1 1.840000 "ShinePhantom"
0.000000 1760 -1 3 48.680000 "Tijue"
0.000000 406 -1 5 173.430000 "D'ohBot"
0.000000 13274 -1 2 7.250000 "Cnarnian"
0.000000 5323 -1 0 1.270000 "Hare Umai"
0.000000 363 -1 4 58.250000 "GrooveDog"
0.000000 8840 -1 0 1.180000 "Phuchoang92"
0.000000 3752 -1 0 0.120000 "AttAl"
0.000000 5953 -1 4 137.000000 "Soul Train"
0.000000 10112 -1 0 0.840000 "Kingroyos"
0.000000 4484 -1 6 451.230000 "Rezabot"
0.000000 10350 -1 0 0.810000 "Kendall jenner kanye"
0.000000 5401 -1 0 0.680000 "Wrightbus"
0.000000 881 -1 1 4.020000 "Gemini1980"
0.000000 959 -1 3 25.900000 "Cemara13"
0.000000 6994 -1 4 113.550000 "TDKR Chicago 101"
0.000000 6792 -1 0 0.570000 "Salee59"
0.000000 6936 -1 0 0.520000 "\208\160\208\176\208\189\208\186\208\190 \208\157\208\184\208\186\208\190\208\187\208\184\209\155"
0.000000 3132 -1 2 14.400000 "Loveless"
0.000000 2861 -1 0 0.070000 "Ywtnss22"
0.000000 4243 -1 0 0.990000 "Bencmq"
0.000000 2070 -1 9 8557.050000 "EmausBot"
0.000000 492 -1 2 16.460000 "Darkicebot"
0.000000 6336 -1 1 2.390000 "Vinayaraj"
0.000000 167 -1 2 13.740000 "Penarc"
0.000000 2925 -1 8 5838.990000 "WikitanvirBot"
0.000000 4918 -1 0 0.540000 "Laszlovszky Andr\195\161s"
0.000000 329 -1 0 1.660000 "J.delanoy"
0.000000 7486 -1 0 0.640000 "Godot13"
0.000000 10579 -1 0 0.310000 "MPF"
0.000000 12051 -1 1 2.020000 "Sir AWA"
0.000000 5575 -1 2 6.420000 "DarafshBot"
0.000000 386 -1 2 9.710000 "Seb az86556"
0.000000 2749 -1 8 4118.690000 "Z\195\169roBot"
0.000000 9318 -1 0 0.690000 "RaviC"
0.000000 1029 -1 3 35.280000 "Broadbot"
0.000000 453 -1 3 32.440000 "Kylu"
0.000000 2918 -1 1 2.480000 "Ionutzmovie"
0.000000 1782 -1 2 8.840000 "Asfarer"
0.000000 8296 -1 0 1.070000 "Imagetasks"
0.000000 3643 -1 6 720.940000 "Matanya"
0.000000 203 -1 5 194.850000 "JAn Dud\195\173k"
0.000000 8194 -1 2 14.140000 "Malaysiaboy"
0.000000 1329 -1 2 11.880000 "Zack wadghiri"
0.000000 8061 -1 1 1.940000 "Balti sahib"
0.000000 9668 -1 1 4.550000 "K9re11"
0.000000 3369 -1 1 3.680000 "Orgio89"
0.000000 137 -1 2 16.140000 "MoiraMoira"
0.000000 4330 -1 5 221.080000 "Kuebi"
0.000000 340 -1 3 40.130000 "Jfblanc"
0.000000 259 -1 5 151.290000 "Almabot"
0.000000 581 -1 2 12.390000 "Razimantv"
0.000000 175 -1 9 22024.460000 "HerculeBot"
0.000000 1166 -1 6 1086.220000 "MF-Warburg"
0.000000 7655 -1 2 11.630000 "Eril4u"
0.000000 7189 -1 9 22024.460000 "Addbot"
0.000000 1033 -1 1 4.850000 "H\195\169g\195\169sippe Cormier"
0.000000 5100 -1 1 4.420000 "\197\162ijufgrd"
0.000000 7973 -1 1 2.300000 "Guy Caulfield"
0.000000 7175 -1 6 403.470000 "Razr Nation"
