0.000000 5371 -1 0 0.210000 "Taraba~bgwiktionary"
0.000000 3558 -1 0 0.830000 "Sophronius-Paisius"
0.000000 441 -1 0 0.370000 "Gflohr"
0.000000 8977 -1 0 0.240000 "Zarniuup"
0.000000 2860 -1 0 0.180000 "Eliashedberg"
0.000000 5674 -1 0 0.040000 "Gonrah"
0.000000 3833 -1 0 0.530000 "Fanaticnik"
0.000000 2045 -1 0 0.130000 "Sarfios"
0.000000 10670 -1 0 0.280000 "Infinite0694"
0.000000 10700 -1 1 4.860000 "Shrek06"
0.000000 508 -1 0 0.350000 "Cepkah~bgwiktionary"
0.000000 6927 -1 0 1.040000 "VinnDieesel"
0.000000 2526 -1 0 0.050000 "Galka1204"
0.000000 810 -1 0 0.220000 "Batinkov~bgwiktionary"
0.000000 1560 -1 1 2.230000 "Ivocamp96"
0.000000 2533 -1 4 109.570000 "Kotzata"
0.000000 2607 -1 1 2.120000 "Abigor"
0.000000 5274 -1 0 0.060000 "Wugu"
0.000000 6394 -1 1 2.360000 "Yavor18"
0.000000 6876 -1 5 235.310000 "~riley"
0.000000 3738 -1 0 0.100000 "Degoor~bgwiktionary"
0.000000 151 -1 0 0.180000 "LiliKazakova"
0.000000 1208 -1 1 2.350000 "Sahinn"
0.000000 11579 -1 0 0.150000 "LirikChernev"
0.000000 1351 -1 0 0.540000 "Edinica nula"
0.000000 1670 -1 1 1.880000 "Crux"
0.000000 5852 -1 8 5809.270000 "HydrizBot"
0.000000 1209 -1 0 0.070000 "Albert Krantz"
0.000000 1387 -1 0 1.150000 "Andres"
0.000000 2417 -1 0 0.340000 "Penarc"
0.000000 57 -1 0 0.250000 "\208\150\208\190\208\186\209\129\208\184"
0.000000 10718 -1 0 0.070000 "Tyanoff"
0.000000 9227 -1 0 0.020000 "Krupski Oleg"
0.000000 3588 -1 3 46.920000 "Dimi z"
0.000000 4500 -1 0 0.100000 "Nxxoxo"
0.000000 1394 -1 0 0.650000 "Psi-Lord"
0.000000 5464 -1 2 9.920000 "Wsieslove"
0.000000 1724 -1 0 0.170000 "Malkotozlo~bgwiktionary"
0.000000 684 -1 4 69.010000 "MonoBot"
0.000000 621 -1 0 0.550000 "Kristiyan~bgwiktionary"
0.000000 3100 -1 0 0.220000 "Pogled~bgwiktionary"
0.000000 724 -1 1 2.380000 "Evangelinelili"
0.000000 6165 -1 0 0.550000 "\208\155\208\190\208\177\208\176\209\135\208\181\208\178 \208\146\208\187\208\176\208\180\208\184\208\188\208\184\209\128"
0.000000 1538 -1 0 0.370000 "Terry811"
0.000000 12392 -1 0 0.140000 "Martin6963"
0.000000 3447 -1 0 0.840000 "Maltrobat"
0.000000 6801 -1 0 0.240000 "Miroright"
0.000000 2205 -1 0 1.390000 "Meghi Pogonceva"
0.000000 4298 -1 1 2.250000 "Lanastasov"
0.000000 5287 -1 0 1.440000 "Beko"
0.000000 9545 -1 0 0.090000 "Sgi design"
0.000000 1514 -1 0 0.560000 "Jcwf"
0.000000 1079 -1 9 11234.380000 "CvetanPetrov1940"
0.000000 134 -1 1 4.790000 "Spacebirdy"
0.000000 579 -1 0 0.950000 "\208\150\208\190\209\128\208\190"
0.000000 3244 -1 6 881.460000 "\208\164\208\184\208\191\209\129"
0.000000 4299 -1 0 0.060000 "Djigit~bgwiktionary"
0.000000 8721 -1 0 0.050000 "Thirunavukkarasye-Raveendran"
0.000000 3122 -1 0 0.110000 "Taj h3ro 4"
0.000000 1157 -1 2 15.110000 "Desha"
0.000000 5012 -1 4 63.390000 "Ajraddatz"
0.000000 12634 -1 4 105.950000 "\208\151\208\180\209\128\208\176\209\129\209\130\208\184"
0.000000 671 -1 1 3.660000 "Daffy"
0.000000 6784 -1 1 2.070000 "Defender"
0.000000 5030 -1 4 73.760000 "Vodnokon4e"
0.000000 8399 -1 0 1.310000 "Olelog"
0.000000 8845 -1 0 0.250000 "Stamen.V.Petrov"
0.000000 434 -1 1 5.170000 "Sanipop"
0.000000 72 -1 4 76.120000 "Nk"
0.000000 2764 -1 0 0.120000 "A4nasko"
0.000000 11337 -1 0 0.220000 "Antsalv"
0.000000 4754 -1 0 0.380000 "\208\156\208\190\208\187\208\187\208\184"
0.000000 6248 -1 0 0.230000 "Istafe"
0.000000 791 -1 0 0.650000 "Phobot"
0.000000 6020 -1 0 0.330000 "Matboy12"
0.000000 1358 -1 0 1.100000 "Dario Zornija"
0.000000 1582 -1 0 0.980000 "Sebleouf"
0.000000 12604 -1 0 0.080000 "\208\146\209\128\208\181\208\188\208\181\209\130\208\190"
0.000000 10811 -1 1 2.880000 "Underxcover"
0.000000 10393 -1 0 0.110000 "Nellydn"
0.000000 4777 -1 7 1302.340000 "Lo Ximiendo"
0.000000 6565 -1 0 0.030000 "Meliska20000"
0.000000 5150 -1 6 555.760000 "WikitanvirBot"
0.000000 566 -1 0 0.050000 "Morabiyassa"
0.000000 6375 -1 0 0.220000 "Parramonnah"
0.000000 5696 -1 0 0.150000 "Nodulation"
0.000000 6539 -1 0 0.600000 "IvoBrasil~bgwiktionary"
0.000000 5677 -1 0 0.620000 "(:Julien:)"
0.000000 9458 -1 1 6.350000 "Kzl1948"
0.000000 10992 -1 0 0.520000 "Javacoffeeandtea"
0.000000 10165 -1 0 0.470000 "\208\144\209\129\208\181\208\189 \208\144\208\189\208\179\208\181\208\187\208\190\208\178"
0.000000 1087 -1 0 0.230000 "Ros1612"
0.000000 105 -1 5 292.370000 "Panzer"
0.000000 9610 -1 0 0.310000 "Odok"
0.000000 5687 -1 0 0.310000 "Prasence87"
0.000000 1028 -1 1 2.830000 "\208\144\208\187\208\184\209\129\208\176 \208\161\208\181\208\187\208\181\208\183\208\189\209\140\208\190\208\178\208\176"
0.000000 7792 -1 0 0.360000 "Calq"
0.000000 1232 -1 2 6.790000 "\208\158\208\187\208\181\208\186\209\129\208\176\208\189\208\180\209\128 \208\154\208\190\208\178\208\176\208\187\209\140"
0.000000 1506 -1 0 0.500000 "Svenji"
0.000000 10541 -1 1 2.550000 "Luchibsl1"
0.000000 11289 -1 0 0.130000 "\208\148\208\184\208\188\208\184\208\180\209\131\208\190"
0.000000 6116 -1 0 0.130000 "Plami34"
0.000000 7960 -1 0 0.730000 "Yakupva"
0.000000 5726 -1 0 1.260000 "Zyxw"
0.000000 1559 -1 1 2.600000 "Against you all"
0.000000 10347 -1 4 110.590000 "Jingiby"
0.000000 10719 -1 0 0.130000 "Thegreenmarker"
0.000000 10457 -1 0 0.150000 "Wieralee"
0.000000 9230 -1 0 0.100000 "Preslava"
0.000000 5406 -1 0 0.170000 "PavlinaPR"
0.000000 8644 -1 0 0.210000 "Idh0854"
0.000000 270 -1 0 0.150000 "\208\146\208\181\209\129\209\130\208\176~bgwiktionary"
0.000000 3592 -1 2 9.570000 "Hgav"
0.000000 4809 -1 0 0.410000 "Sasza89"
0.000000 1875 -1 7 2064.030000 "Luckas-bot"
0.000000 5480 -1 8 4036.860000 "Ntilev"
0.000000 5916 -1 0 1.100000 "Yuoliy"
0.000000 7533 -1 0 0.290000 "\208\148\208\181\208\189\208\184\209\129\208\187\208\176\208\178 \208\161\209\130\208\190\209\143\208\189\208\190\208\178"
0.000000 6662 -1 1 2.100000 "Viki\195\167izer"
0.000000 5839 -1 0 0.320000 "\208\151\208\184\208\179\208\183\208\176\208\179"
0.000000 9533 -1 0 0.030000 "Dennisahmedov"
0.000000 5584 -1 0 0.090000 "Bencmq"
0.000000 2023 -1 0 0.200000 "Kirka80286"
0.000000 6242 -1 0 1.210000 "GliganPro"
0.000000 3234 -1 0 0.880000 "Mimip1"
0.000000 526 -1 0 0.010000 "Vesi.kracheva"
0.000000 9646 -1 0 0.930000 "\208\152\208\178\208\190 \208\148\208\184\208\188\208\184\209\130\209\128\208\190\208\178.27"
0.000000 4550 -1 2 17.330000 "Hoo man"
0.000000 2372 -1 0 0.070000 "\208\162\208\176\208\188 \208\158\208\187\208\184\208\189"
0.000000 4628 -1 0 0.850000 "Back0ut"
0.000000 10831 -1 0 0.770000 "DragonflySixtyseven"
0.000000 805 -1 0 0.470000 "Katerina A."
0.000000 139 -1 2 7.370000 "Libo"
0.000000 9057 -1 0 0.550000 "Djsergo"
0.000000 320 -1 0 1.400000 "Cheeseus"
0.000000 188 -1 1 1.860000 "\208\146\208\176\208\189\208\186\208\1765~bgwiktionary"
0.000000 3646 -1 0 0.870000 "\208\155\208\190\209\128\208\180 \208\145\209\138\208\188\208\177\209\138\209\128\208\184"
0.000000 5069 -1 4 144.110000 "Mjbmrbot"
0.000000 5302 -1 0 0.090000 "Tzeko"
0.000000 5579 -1 0 0.490000 "Dick Laurent"
0.000000 9270 -1 2 10.980000 "Jaxlarus"
0.000000 2079 -1 0 0.250000 "Equinox52"
0.000000 5633 -1 0 0.080000 "Striker"
0.000000 5357 -1 0 0.620000 "Lasombra bg"
0.000000 818 -1 0 0.430000 "Lmaltier"
0.000000 2113 -1 2 18.530000 "Dvs23varna"
0.000000 8810 -1 3 45.890000 "DenisWasRight"
0.000000 5725 -1 2 13.500000 "Sanya3"
0.000000 10765 -1 1 5.760000 "Oavramov"
0.000000 1898 -1 2 9.250000 "Charlito kn"
0.000000 11892 -1 0 0.080000 "Bai hui"
0.000000 156 -1 2 11.330000 "Bggoldie~bgwiktionary"
0.000000 7051 -1 1 2.560000 "Kusurija"
0.000000 3213 -1 0 0.900000 "Mery15956"
0.000000 2299 -1 5 298.840000 "Obretenov"
0.000000 476 -1 0 0.080000 "Berbatova"
0.000000 5515 -1 3 23.700000 "Zuiarra"
0.000000 9706 -1 1 2.120000 "Bond127"
0.000000 587 -1 1 3.610000 "YordanGeorgiev"
0.000000 337 -1 4 145.970000 "Seabhac~bgwiktionary"
0.000000 983 -1 2 8.710000 "Givern"
0.000000 3732 -1 0 0.460000 "Reanimated X"
0.000000 8797 -1 1 2.170000 "Vicdn77"
0.000000 514 -1 0 0.710000 "Angelheart"
0.000000 2325 -1 2 7.170000 "Tempodivalse"
0.000000 6746 -1 0 0.410000 "Dandanka"
0.000000 1058 -1 1 3.560000 "Bogorm"
0.000000 742 -1 9 22024.380000 "\208\157\208\176\208\191\208\190\208\187\208\181\209\130\208\176\208\189\208\190"
0.000000 2137 -1 0 0.330000 "Ulrickob1"
0.000000 1159 -1 0 1.030000 "Jopronzolillo"
0.000000 10310 -1 0 0.170000 "\208\145\209\138\208\187\208\179\208\176\209\128\208\184\209\143\208\157\208\176\208\180\208\146\209\129\208\184\209\135\208\186\208\190"
0.000000 5179 -1 0 0.330000 "Teles"
0.000000 2809 -1 0 0.090000 "Acidstorm"
0.000000 1238 -1 0 0.650000 "Mzekiu"
0.000000 5325 -1 3 36.550000 "Viatich"
0.000000 304 -1 0 1.020000 "Piolinfax"
0.000000 6718 -1 0 0.190000 "Vilito98"
0.000000 210 -1 1 2.710000 "\208\154\209\128\208\184\208\178\208\190\208\179\208\187\208\181\208\180\209\129\209\130\208\178\208\190"
0.000000 8807 -1 0 0.060000 "Hakuna.Matata"
0.000000 4933 -1 4 56.220000 "Smart Sage"
0.000000 4220 -1 0 0.260000 "Kristian90s"
0.000000 396 -1 0 0.340000 "\208\148\208\176\209\128\208\184\208\189\208\154\208\190\208\187\208\181\208\178"
0.000000 3185 -1 0 0.110000 "Mentifisto"
0.000000 5394 -1 0 0.240000 "Anet tra"
0.000000 787 -1 0 0.330000 "Marcus Cyron"
0.000000 3245 -1 1 2.270000 "Innv"
0.000000 8074 -1 0 0.150000 "Uilan 92"
0.000000 3912 -1 0 0.210000 "Ecce Ego"
0.000000 8841 -1 0 0.120000 "PatrykOrzeszek"
0.000000 2631 -1 0 0.150000 "Unforgiven666"
0.000000 1958 -1 1 4.790000 "Darkicebot"
0.000000 8730 -1 0 0.460000 "Stoevi"
0.000000 4342 -1 1 1.830000 "Pago"
0.000000 10880 -1 2 11.240000 "Andrei Vassilev"
0.000000 522 -1 1 2.160000 "Suncho~bgwiktionary"
0.000000 1177 -1 3 19.330000 "Gan~bgwiktionary"
0.000000 948 -1 0 0.130000 "Ramires~bgwiktionary"
0.000000 9765 -1 0 0.070000 "Konffucy"
0.000000 9618 -1 0 0.060000 "Ujhj"
0.000000 776 -1 0 1.580000 "Ahonc"
0.000000 6140 -1 1 3.060000 "Skl1750"
0.000000 2864 -1 0 0.210000 "Cortezz~bgwiktionary"
0.000000 844 -1 0 0.190000 "Vituzzu"
0.000000 8889 -1 0 0.390000 "Rotlink"
0.000000 4889 -1 0 0.520000 "Krasimira"
0.000000 11466 -1 0 0.090000 "Perchema"
0.000000 8380 -1 0 0.170000 "FeVer"
0.000000 1828 -1 0 0.250000 "Tyty~bgwiktionary"
0.000000 7611 -1 0 1.610000 "Archaeodontosaurus"
0.000000 2342 -1 2 9.120000 "Amikeco"
0.000000 7201 -1 0 0.200000 "Raskoyu"
0.000000 889 -1 1 1.830000 "A1"
0.000000 2341 -1 0 0.260000 "Jamy~bgwiktionary"
0.000000 3830 -1 0 0.180000 "Snowolf"
0.000000 9657 -1 1 2.640000 "Chara~bgwiktionary"
0.000000 3 -1 2 10.300000 "5ko"
0.000000 2560 -1 0 0.160000 "Hilenceto 267"
0.000000 11353 -1 0 0.150000 "Mishkatanasneji"
0.000000 848 -1 1 5.220000 "Lou"
0.000000 238 -1 0 0.200000 "Redagavimas"
0.000000 6712 -1 0 0.150000 "KN89BG"
0.000000 12407 -1 3 20.770000 "Samuele2002"
0.000000 8034 -1 0 0.070000 "Mmm-jun"
0.000000 12177 -1 0 0.090000 "Detra40"
0.000000 9229 -1 0 1.090000 "\208\158\209\129\208\184\208\189\208\190\208\178\208\184\209\130\208\181\208\187 \208\161\208\146\208\161"
0.000000 3652 -1 0 0.330000 "Pite~bgwiktionary"
0.000000 5185 -1 0 0.170000 "Stanko6"
0.000000 3041 -1 0 0.400000 "Chlen na gerb"
0.000000 540 -1 8 5066.400000 "\208\167\208\181\208\187\208\184\208\177\208\176\208\186\209\138\209\130"
0.000000 3930 -1 0 0.460000 "Mgr. Illya Bey"
0.000000 6665 -1 0 1.530000 "Lukas\194\178\194\179"
0.000000 1302 -1 0 0.170000 "Headhunter pl"
0.000000 116 -1 3 43.550000 "Bobi lakev"
0.000000 7788 -1 1 1.870000 "GhalyBot"
0.000000 9720 -1 0 0.010000 "\197\187yrafa\197\130"
0.000000 4669 -1 0 0.230000 "Alex petr0v"
0.000000 1397 -1 0 0.160000 "Lotus1000"
0.000000 923 -1 0 1.170000 "ShadeOfGrey"
0.000000 5766 -1 1 2.390000 "Geleto"
0.000000 9555 -1 0 0.610000 "Gagara"
0.000000 3249 -1 0 0.220000 "Dalai.lamia"
0.000000 1504 -1 0 0.320000 "Bobstan"
0.000000 799 -1 0 0.540000 "H devil"
0.000000 328 -1 3 22.770000 "Siete~bgwiktionary"
0.000000 414 -1 5 229.370000 "V111P"
0.000000 11292 -1 0 0.050000 "Mi4os"
0.000000 3159 -1 4 66.290000 "Elkost"
0.000000 673 -1 0 0.720000 "Mikolasz"
0.000000 5119 -1 1 3.560000 "Nadezhda"
0.000000 6869 -1 1 2.210000 "Nix1129"
0.000000 9460 -1 2 11.960000 "Dodecaplex"
0.000000 1998 -1 0 0.090000 "Wutsje"
0.000000 9577 -1 2 12.520000 "Vixar0050"
0.000000 2042 -1 1 6.130000 "Depressing November"
0.000000 3707 -1 0 0.780000 "Erikthau"
0.000000 314 -1 6 420.400000 "VPliousnine"
0.000000 1988 -1 3 38.990000 "Re7r0"
0.000000 426 -1 0 0.110000 "Savev"
0.000000 11911 -1 0 0.060000 "Annimm"
0.000000 11 -1 0 0.070000 "Harry~bgwiktionary"
0.000000 10155 -1 0 0.090000 "Elishua Porush"
0.000000 1864 -1 0 0.300000 "Guitardemon666"
0.000000 4227 -1 0 0.240000 "Wizzi~bgwiktionary"
0.000000 130 -1 0 0.040000 "Qurqa~bgwiktionary"
0.000000 223 -1 0 0.650000 "Ikonact"
0.000000 2166 -1 0 0.170000 "Bostko"
0.000000 412 -1 0 1.180000 "Galia ^"
0.000000 4541 -1 0 0.100000 "Kukump"
0.000000 9378 -1 0 0.100000 "Iluvatar"
0.000000 5605 -1 1 4.110000 "Courcelles"
0.000000 9391 -1 0 0.290000 "Harry quantum"
0.000000 12417 -1 0 0.060000 "Tnt03"
0.000000 10545 -1 1 2.370000 "Arash.pt"
0.000000 10222 -1 0 0.140000 "Matiia"
0.000000 998 -1 4 108.350000 "CarsracBot"
0.000000 1809 -1 0 0.120000 "Razorflame"
0.000000 95 -1 0 0.200000 "Tzappa~bgwiktionary"
0.000000 4651 -1 0 0.070000 "Velo Vrbata"
0.000000 395 -1 0 0.790000 "Xakepxakep"
0.000000 614 -1 1 3.710000 "\208\155\208\184\209\129\208\184\209\135\208\186\208\190\208\178"
0.000000 994 -1 0 0.380000 "\208\157\208\181\208\180\208\186\208\190"
0.000000 9546 -1 0 0.090000 "Lable122"
0.000000 1114 -1 0 1.540000 "ANRH"
0.000000 1927 -1 0 0.580000 "Ton4oto sladura"
0.000000 6733 -1 2 12.480000 "Agnese"
0.000000 7894 -1 2 9.380000 "YaganZ"
0.000000 11237 -1 0 0.030000 "RiderL"
0.000000 361 -1 0 0.360000 "Iliank"
0.000000 4828 -1 2 8.140000 "Drabsv"
0.000000 4879 -1 0 1.000000 "Nitrobg"
0.000000 5031 -1 0 0.060000 "Draconavp2"
0.000000 7614 -1 2 14.140000 "Tzurywik"
0.000000 1049 -1 0 0.750000 "QualiaBot"
0.000000 2774 -1 0 0.210000 "Nikox94"
0.000000 6215 -1 2 7.670000 "Thamizhpparithi Maari"
0.000000 2052 -1 0 0.680000 "Vuzell"
0.000000 4202 -1 0 0.700000 "Ket"
0.000000 627 -1 0 0.510000 "Elvizz"
0.000000 2336 -1 3 19.680000 "Malafaya"
0.000000 11290 -1 0 0.120000 "Aabdullayev851"
0.000000 7273 -1 0 0.220000 "LEANSER"
0.000000 4383 -1 4 79.480000 "Defalien"
0.000000 1692 -1 9 8634.140000 "Interwicket"
0.000000 2503 -1 0 0.180000 "Fallenka"
0.000000 2508 -1 0 0.090000 "Ebola90"
0.000000 494 -1 0 0.990000 "ALE!"
0.000000 6951 -1 0 0.210000 "Polyglottos"
0.000000 4871 -1 4 96.320000 "Kreuzk\195\188mmel"
0.000000 11070 -1 4 60.670000 "\208\154\208\190\208\189\209\135\208\184\209\130\208\176 \208\146\209\131\209\128\209\129\209\130"
0.000000 3022 -1 0 0.270000 "N3g"
0.000000 4714 -1 3 34.470000 "DonAlCapone"
0.000000 7129 -1 0 0.270000 "Svetoslav63"
0.000000 5493 -1 0 0.070000 "JAn Dud\195\173k"
0.000000 2167 -1 0 0.320000 "Ddada"
0.000000 10326 -1 0 0.110000 "Asen Valchev"
0.000000 4726 -1 2 6.440000 "Micki"
0.000000 4909 -1 7 1920.780000 "KamikazeBot"
0.000000 935 -1 0 1.140000 "Stephen G. Brown"
0.000000 764 -1 0 0.600000 "PetaRZ"
0.000000 3998 -1 1 1.790000 "Luis Gabriel Moraes Dias"
0.000000 5879 -1 1 6.370000 "Zelenkroki"
0.000000 2799 -1 2 7.170000 "Zscout370"
0.000000 698 -1 0 0.170000 "LittleCandyFairy"
0.000000 11183 -1 1 2.170000 "Vyacheslav Nasretdinov"
0.000000 578 -1 8 3047.900000 "VolkovBot"
0.000000 2244 -1 0 0.770000 "Victoria slavova"
0.000000 5834 -1 6 448.950000 "AvocatoBot"
0.000000 3468 -1 7 1185.770000 "Xoristzatziki"
0.000000 3076 -1 4 56.160000 "Kaloyan Potter"
0.000000 1554 -1 1 2.180000 "Sindwiller~bgwiktionary"
0.000000 4414 -1 0 1.200000 "Yordan Enev"
0.000000 6676 -1 1 3.900000 "Fry1989"
0.000000 5751 -1 9 17559.040000 "Fadams"
0.000000 10233 -1 0 0.090000 "Motorbikee"
0.000000 2363 -1 0 0.630000 "Velizar.iliev"
0.000000 5137 -1 0 1.250000 "Goschko"
0.000000 8801 -1 1 2.570000 "\208\166\208\178\208\181\209\130\208\176\208\189\208\147"
0.000000 9071 -1 0 0.170000 "Cinemantique"
0.000000 11982 -1 0 0.090000 "Nauf"
0.000000 847 -1 0 0.640000 "Evelynar"
0.000000 1176 -1 0 0.140000 "Mihal Orela"
0.000000 7789 -1 0 1.620000 "\208\160\208\176\208\189\208\186\208\190 \208\157\208\184\208\186\208\190\208\187\208\184\209\155"
0.000000 1764 -1 0 0.150000 "Simeonfromfreedom"
0.000000 8918 -1 2 8.160000 "Respectdetective"
0.000000 8309 -1 2 10.040000 "VannHelsing"
0.000000 104 -1 8 3384.370000 "\208\149\208\188\208\176"
0.000000 5893 -1 0 0.180000 "Eradoslavova"
0.000000 3442 -1 0 0.110000 "\208\161\208\191\208\176\209\129\208\184\208\188\208\184\209\128"
0.000000 1480 -1 0 0.720000 "JCh.SystemModal"
0.000000 5412 -1 6 460.440000 "MalafayaBot"
0.000000 7119 -1 0 0.650000 "\208\159\208\176\208\178\208\187\208\190 \208\147\208\181\209\130\208\188\208\176\208\189\209\134\208\181\208\178"
0.000000 87 -1 1 2.070000 "Emil~bgwiktionary"
0.000000 125 -1 8 5352.920000 "RobotGMwikt"
0.000000 253 -1 1 3.360000 "Bduthoy"
0.000000 2930 -1 6 646.910000 "ArthurBot"
0.000000 4934 -1 1 2.510000 "Mathonius"
0.000000 1265 -1 1 6.040000 "Pavao Zornija"
0.000000 5526 -1 4 106.400000 "\208\145\208\176\208\187\209\130\208\176\208\180\208\182\208\184\208\181\208\178"
0.000000 11381 -1 0 0.150000 "Vasilgpopov"
0.000000 3174 -1 4 81.210000 "Iliev"
0.000000 8825 -1 2 8.480000 "Sankoff64"
0.000000 12024 -1 1 2.440000 "Udfgs"
0.000000 478 -1 1 3.000000 "Racel~bgwiktionary"
0.000000 834 -1 2 8.030000 "Falkonia"
0.000000 114 -1 0 0.760000 "Akeckarov~bgwiktionary"
0.000000 1730 -1 0 0.290000 "Kpym"
0.000000 10437 -1 0 0.840000 "A.to.boy"
0.000000 1566 -1 0 0.400000 "Waynerooney"
0.000000 83 -1 3 23.730000 "Bgbot"
0.000000 2866 -1 0 0.170000 "FinTaRa~bgwiktionary"
0.000000 4812 -1 0 0.490000 "\208\156\208\184\208\187\208\176\208\189\209\135\208\181"
0.000000 10605 -1 5 200.260000 "Animsaj"
0.000000 9372 -1 0 0.040000 "Manaviko"
0.000000 4702 -1 0 0.080000 "Robin~bgwiktionary"
0.000000 9059 -1 0 0.090000 "ShaiderDillz"
0.000000 819 -1 4 65.440000 "Aibot"
0.000000 5033 -1 2 9.900000 "Dessie"
0.000000 1042 -1 0 0.830000 "JackPotte"
0.000000 9370 -1 0 1.280000 "Tulski"
0.000000 904 -1 0 0.290000 "ValJor"
0.000000 3640 -1 3 33.430000 "\208\147\208\176\208\177\209\135\208\181\209\130\208\19029"
0.000000 12049 -1 0 0.030000 "Blagoevgradbroker"
0.000000 3491 -1 0 0.070000 "Balovat"
0.000000 2884 -1 1 2.720000 "Glagoli"
0.000000 316 -1 2 14.560000 "Kassianos"
0.000000 2191 -1 0 0.150000 "Pamporoff"
0.000000 1 -1 8 4326.080000 "Borislav"
0.000000 1017 -1 6 655.330000 "SpaceBirdyBot"
0.000000 6779 -1 0 0.590000 "Maks Stirlitz"
0.000000 459 -1 0 0.150000 "Rendeto"
0.000000 3262 -1 0 0.040000 "K~bgwiktionary"
0.000000 1585 -1 2 11.420000 "\208\154\208\176\209\128\208\176\208\180\208\182\208\190\208\178"
0.000000 7035 -1 3 32.800000 "WarddrBOT"
0.000000 546 -1 0 0.430000 "Apal"
0.000000 9348 -1 0 0.140000 "Ybelov"
0.000000 339 -1 0 1.120000 "Dale Gerdemann"
0.000000 4406 -1 2 13.800000 "\208\147\208\176\208\185\208\180\209\131\208\186"
0.000000 7497 -1 0 0.230000 "Aygyunosmanov"
0.000000 6050 -1 0 0.110000 "Lotje"
0.000000 311 -1 4 63.480000 "Arath"
0.000000 1120 -1 1 2.520000 "MihalOrela"
0.000000 1077 -1 0 0.330000 "Puho"
0.000000 7931 -1 0 0.160000 "Pyprilescu"
0.000000 723 -1 0 0.040000 "Alexbot"
0.000000 5194 -1 0 0.650000 "NBUPolSci F40198"
0.000000 3255 -1 1 3.420000 "Alexd"
0.000000 196 -1 1 3.720000 "Schwallex"
0.000000 4186 -1 0 1.370000 "PiRSquared17"
0.000000 5936 -1 2 17.590000 "Editorxd"
0.000000 243 -1 0 0.270000 "Jalajov"
0.000000 1308 -1 7 1577.870000 "Roggy"
0.000000 5802 -1 6 516.430000 "6. \208\186\208\187\208\176\209\129"
0.000000 2217 -1 0 0.870000 "Metsavend"
0.000000 1564 -1 7 2277.950000 "RoggBot"
0.000000 2081 -1 0 0.010000 "Juliancolton"
0.000000 2610 -1 3 26.680000 "Hubertgui"
0.000000 3495 -1 1 1.720000 "BobiMpower"
0.000000 2585 -1 0 0.320000 "Alexgs"
0.000000 8423 -1 0 0.060000 "Penssio"
0.000000 4375 -1 5 344.020000 "Randreev"
0.000000 1137 -1 1 2.990000 "Elvire"
0.000000 667 -1 0 0.640000 "Kmor~bgwiktionary"
0.000000 9903 -1 0 0.050000 "T.Temelkova"
0.000000 812 -1 0 0.570000 "Vdmk"
0.000000 1699 -1 0 0.190000 "Petia~bgwiktionary"
0.000000 934 -1 4 54.010000 "\208\157\208\184\208\186\208\190\208\187\208\190\208\178"
0.000000 5717 -1 0 1.180000 "Piet-c"
0.000000 2385 -1 1 3.690000 "Stanqo"
0.000000 555 -1 0 0.180000 "Al3ko"
0.000000 10423 -1 0 0.240000 "Hris0369"
0.000000 5757 -1 0 0.220000 "RsRado"
0.000000 1320 -1 1 6.100000 "Maxval"
0.000000 2641 -1 0 0.150000 "Sa'y"
0.000000 5933 -1 0 1.550000 "Addihockey10 (automated)"
0.000000 7277 -1 0 0.220000 "Bobi.a.georgiev"
0.000000 941 -1 0 0.230000 "Bleji"
0.000000 9932 -1 0 0.060000 "Irenpetrovas"
0.000000 406 -1 6 975.870000 "Spiritia"
0.000000 341 -1 0 0.270000 "Nilfanion"
0.000000 5295 -1 1 2.990000 "Tegel"
0.000000 410 -1 0 0.540000 "Cleodeo"
0.000000 8842 -1 5 151.480000 "\208\146\209\131\208\189\208\176"
0.000000 5525 -1 0 0.510000 "Pironkov"
0.000000 3917 -1 0 1.170000 "FEarBG"
0.000000 2563 -1 1 5.420000 "Vhorvat"
0.000000 594 -1 1 2.030000 "Mahoujin"
0.000000 10501 -1 4 104.370000 "Stefcho23"
0.000000 8541 -1 0 0.470000 "Glaisher"
0.000000 959 -1 4 61.480000 "Nadina"
0.000000 485 -1 7 2231.010000 "Wutzofant"
0.000000 9329 -1 2 10.750000 "Taratantsi"
0.000000 12330 -1 2 7.880000 "D.s.m(h)"
0.000000 9242 -1 3 52.940000 "MegaAlex"
0.000000 5787 -1 1 2.660000 "Frigotoni"
0.000000 7016 -1 2 10.190000 "GetTheJumpOn"
0.000000 4039 -1 0 0.510000 "Shutdawn"
0.000000 5632 -1 0 0.520000 "Infovarius"
0.000000 11258 -1 0 0.150000 "Botqv"
0.000000 8007 -1 5 162.500000 "Okotuki"
0.000000 7928 -1 1 3.090000 "Mehridad"
0.000000 282 -1 0 0.770000 "Rklawton"
0.000000 11929 -1 2 6.480000 "Octahedron80"
0.000000 3295 -1 4 141.840000 "Vive la Rosi\195\168re"
0.000000 1027 -1 0 1.300000 "KlaudiuMihaila"
0.000000 670 -1 0 1.160000 "Capsot"
0.000000 4401 -1 4 129.500000 "J.delanoy"
0.000000 6056 -1 0 0.810000 "KrisDiMarYana"
0.000000 4790 -1 0 0.250000 "Bobek 121"
0.000000 1261 -1 1 3.340000 "\208\156\208\184\208\186\208\190"
0.000000 5352 -1 0 0.080000 "Altairbg"
0.000000 2766 -1 1 2.800000 "Mrs Robinson"
0.000000 453 -1 2 10.570000 "Tanja sp"
0.000000 780 -1 0 1.230000 "Angellove"
0.000000 7912 -1 0 0.170000 "Blagocvetano"
0.000000 334 -1 3 53.440000 "CommonsDelinker"
0.000000 963 -1 0 0.760000 "Laveol"
0.000000 128 -1 0 0.800000 "Ilianita"
0.000000 519 -1 0 0.620000 "Gabix"
0.000000 184 -1 1 3.400000 "Bal\195\187"
0.000000 4231 -1 0 0.270000 "Tishobj"
0.000000 5588 -1 2 7.620000 "Antonarset"
0.000000 1019 -1 0 0.850000 "Vpovilaitis"
0.000000 4689 -1 1 5.980000 "Balamax"
0.000000 11366 -1 0 0.090000 "Wikimisko"
0.000000 9668 -1 3 19.990000 "\208\156\208\176\209\128\208\186\208\190~bgwiktionary"
0.000000 1024 -1 1 3.450000 "Al Silonov"
0.000000 308 -1 0 1.480000 "\208\144\208\189\208\184\208\154.~bgwiktionary"
0.000000 1326 -1 0 0.240000 "Mil yoana"
0.000000 175 -1 1 1.970000 "H\195\169g\195\169sippe Cormier"
0.000000 2 -1 1 2.560000 "\208\144\208\187\208\181\208\186\209\129\208\176\208\189\208\180\209\138\209\128"
0.000000 1860 -1 0 0.140000 "Boris Georgiev"
0.000000 1943 -1 3 20.020000 "MelancholieBot"
0.000000 399 -1 0 0.190000 "Eyez2k1ss~bgwiktionary"
