1272 -1.0
1377 0.005729634469410764
1378 0.002366956473283116
1380 0.0
1387 0.0
1409 -0.798031240630904
1596 -0.03158676314826681
1597 0.02217447575334564
1599 0.3864105242654466
1603 -0.013343144468972352
1619 -3.4627537549312146E-4
1620 -4.270729631054991E-4
1622 0.9644093406593406
1623 -0.10666666666666665
1624 -0.9409638554216869
1837 0.3976374430271357
1939 0.3845768066104365
1940 0.7020018841262363
1941 -0.5698465505721478
1942 -0.5297225640310038
2021 0.5
2022 0.13333333333333333
2025 0.7457846795268811
2028 -0.7726478702644506
2029 0.8305231196845875
2030 -0.8590512078594981
2031 0.9070982945361714
2032 -0.9199999999999999
2034 0.22971865542829978
2036 0.9858615611192931
2037 -0.8672350791717419
2038 0.9858615611192931
2039 -0.884531059683313
2040 0.9858615611192931
2041 -0.8844092570036541
2043 0.9857142857142858
2046 0.2451127819548872
2052 NaN
2053 0.07304347826086956
2057 -0.96168108776267
2058 0.9998527245949926
2059 -0.8412911084043849
2060 -0.002713132865028393
2063 0.18588242657547083
2073 0.8500734214390602
2077 -0.8411477411477413
2125 -0.09151342205142296
2126 -0.0032635741758903617
2140 0.6445170528138284
2196 -0.8181818181818181
2202 -0.5720515825298058
2208 0.5733268970507511
2210 0.051975579940041344
2211 -0.6017126453559093
2214 -2.4861428105637E-4
2216 2.486142810563699E-4
2221 0.7937881710061074
2222 -0.8457886602917031
2226 -0.01586277312640389
2257 -0.8863156597806893
2264 0.46153846153846156
2266 0.0
2272 1.0
2273 -0.9834890965732088
2274 -0.13186496460679265
2278 0.03837780634921386
2279 -0.38629690254888943
2280 0.30966926273526574
2282 0.0
2283 0.26656161856090277
2463 0.0
3275 0.003587860193978936
3807 -0.002059288417514942
3812 0.10590668246203033
3814 0.05664058150490273
3847 -1.0
3932 -0.13318244973081989
3933 -0.006035221136135318
3975 0.0
3988 0.0
